A = [1 2; 2 5]

A =

     1     2
     2     5

chol(A)

ans =

     1     2
     0     1

diary off
