A = [3 0 1; 0 -1 3; 1 3 0];
[L,U] = lufactor(A)

L =

    3.0000         0         0
         0   -1.0000         0
    1.0000    3.0000    8.6667


U =

    1.0000         0    0.3333
         0    1.0000   -3.0000
         0         0    1.0000

diary off
