A = [2 -1 0 0 0 0;-1 2 -1 0 0 0; 0 -1 2 -1 0 0; 0 0 -1 2 -1 0; 0 0 0 -1 2 -1; 0 0 0 0 -1 2]

A =

       2             -1              0              0              0              0       
      -1              2             -1              0              0              0       
       0             -1              2             -1              0              0       
       0              0             -1              2             -1              0       
       0              0              0             -1              2             -1       
       0              0              0              0             -1              2       

D = [2 0 0 0 0 0; 0 2 0 0 0 0; 0 0 2 0 0 0; 0 0 0 2 0 0; 0 0 0 0 2 0; 0 0 0 0 0 2]

D =

       2              0              0              0              0              0       
       0              2              0              0              0              0       
       0              0              2              0              0              0       
       0              0              0              2              0              0       
       0              0              0              0              2              0       
       0              0              0              0              0              2       

CL = [0 0 0 0 0 0; -1 0 0 0 0 0; 0 -1 0 0 0 0; 0 0 -1 0 0 0; 0 0 0 -1 0 0; 0 0 0 0 -1 0]

CL =

       0              0              0              0              0              0       
      -1              0              0              0              0              0       
       0             -1              0              0              0              0       
       0              0             -1              0              0              0       
       0              0              0             -1              0              0       
       0              0              0              0             -1              0       

CL = [0 0 0 0 0 0; 1 0 0 0 0 0; 0 1 0 0 0 0; 0 0 1 0 0 0; 0 0 0 1 0 0; 0 0 0 0 1 0]

CL =

       0              0              0              0              0              0       
       1              0              0              0              0              0       
       0              1              0              0              0              0       
       0              0              1              0              0              0       
       0              0              0              1              0              0       
       0              0              0              0              1              0       

Q = D - CL

Q =

       2              0              0              0              0              0       
      -1              2              0              0              0              0       
       0             -1              2              0              0              0       
       0              0             -1              2              0              0       
       0              0              0             -1              2              0       
       0              0              0              0             -1              2       

Q1 = inv(Q)

Q1 =

       1/2            0              0              0              0              0       
       1/4            1/2            0              0              0              0       
       1/8            1/4            1/2            0              0              0       
       1/16           1/8            1/4            1/2            0              0       
       1/32           1/16           1/8            1/4            1/2            0       
       1/64           1/32           1/16           1/8            1/4            1/2     

I = D/2

I =

       1              0              0              0              0              0       
       0              1              0              0              0              0       
       0              0              1              0              0              0       
       0              0              0              1              0              0       
       0              0              0              0              1              0       
       0              0              0              0              0              1       

I - Q1*A

ans =

       0              1/2            0              0              0              0       
       0              1/4            1/2            0              0              0       
       0              1/8            1/4            1/2            0              0       
       0              1/16           1/8            1/4            1/2            0       
       0              1/32           1/16           1/8            1/4            1/2     
       0              1/64           1/32           1/16           1/8            1/4     

diary off
